100  
31  34  1948  
25  937  351  
78  1089  2322  
70  492  3272  
63  894  1638  
20  1072  1584  
50  1004  712  
9  633  4201  
59  133  4395  
74  882  3959  
84  1111  3427  
1  133  1018  
1  748  912  
11  405  2113  
26  305  829  
80  239  2141  
13  795  2776  
17  22  3131  
84  367  3074  
88  593  4027  
84  654  1504  
58  1116  4174  
21  597  1936  
88  735  1280  
86  335  3022  
27  668  3519  
89  842  4295  
38  604  600  
1  693  3344  
10  434  116  
70  1047  1684  
54  816  3647  
9  986  1419  
20  734  458  
90  795  3809  
6  358  2163  
10  904  1766  
18  542  3174  
22  851  1558  
56  374  2554  
94  986  3709  
33  1110  259  
48  602  1333  
95  713  1133  
15  279  1018  
64  98  2556  
20  229  3939  
59  747  965  
48  229  1130  
9  518  2597  
57  919  2229  
85  865  2411  
25  122  4595  
48  645  442  
33  726  814  
45  370  1122  
34  350  1952  
21  1071  2596  
40  1112  3035  
72  540  1855  
67  842  282  
79  90  1189  
8  523  2342  
37  396  546  
49  999  3457  
50  688  2285  
12  746  1256  
99  551  3193  
43  420  4230  
84  180  3885  
6  1003  2009  
74  1028  2543  
91  1105  1152  
16  652  2003  
60  442  1148  
63  273  3748  
87  183  4287  
83  418  4218  
11  878  1670  
30  1071  1842  
71  258  1969  
69  1018  2362  
23  1086  490  
38  917  1477  
34  797  2159  
97  342  967  
40  895  2060  
91  97  1118  
8  618  2095  
42  852  2061  
72  295  1182  
35  777  2679  
4  477  2812  
25  200  3403  
44  305  2571  
26  885  825  
48  304  4234  
63  551  4249  
55  859  3018  
21  1053  346  
