100 2
0 47 1 79
0 45 1 92
0 28 1 92
0 99 1 45
0 48 1 88
0 24 1 30
0 89 1 28
0 73 1 95
0 34 1 65
0 78 1 20
0 88 1 16
0 2 1 8
0 36 1 1
0 5 1 46
0 50 1 38
0 70 1 54
0 78 1 36
0 50 1 87
0 25 1 53
0 84 1 82
0 38 1 52
0 93 1 19
0 4 1 66
0 56 1 42
0 98 1 41
0 36 1 87
0 80 1 52
0 41 1 81
0 79 1 63
0 54 1 86
0 28 1 39
0 30 1 80
0 70 1 20
0 9 1 11
0 53 1 89
0 56 1 31
0 59 1 53
0 6 1 49
0 74 1 37
0 30 1 41
0 47 1 27
0 68 1 83
0 45 1 79
0 59 1 89
0 95 1 36
0 58 1 81
0 46 1 91
0 18 1 22
0 99 1 25
0 33 1 83
0 96 1 60
0 77 1 38
0 52 1 65
0 46 1 29
0 19 1 38
0 41 1 25
0 97 1 52
0 90 1 81
0 29 1 10
0 58 1 29
0 93 1 5
0 79 1 7
0 32 1 19
0 62 1 94
0 84 1 15
0 93 1 52
0 10 1 36
0 91 1 4
0 61 1 32
0 36 1 9
0 75 1 62
0 76 1 17
0 5 1 7
0 88 1 42
0 14 1 27
0 18 1 36
0 14 1 37
0 35 1 19
0 82 1 60
0 75 1 34
0 70 1 57
0 95 1 60
0 15 1 48
0 60 1 51
0 93 1 22
0 49 1 18
0 33 1 68
0 33 1 23
0 11 1 94
0 25 1 30
0 85 1 80
0 17 1 50
0 40 1 16
0 33 1 24
0 67 1 74
0 35 1 61
0 64 1 2
0 53 1 59
0 12 1 7
0 57 1 82